%YAML:1.0
rotation: !!opencv-matrix
   rows: 3
   cols: 3
   dt: d
   data: [ 9.9992617020671015e-01, -1.1672198757377863e-02,
       3.3784481510912784e-03, 1.1654619893561251e-02,
       9.9991868106145299e-01, 5.1769778308157913e-03,
       -3.4386001334775441e-03, -5.1372210865815839e-03,
       9.9998089231176290e-01 ]
translation: !!opencv-matrix
   rows: 3
   cols: 1
   dt: d
   data: [ -5.2672163016562530e-02, 5.4700092780595803e-05,
       -1.4492725101355503e-03 ]
essential: !!opencv-matrix
   rows: 3
   cols: 3
   dt: d
   data: [ 1.6702628481480644e-05, 1.4488736503632902e-03,
       6.2201899244058905e-05, -1.6302840174250092e-03,
       -2.5367234973264159e-04, 5.2666260281260542e-02,
       -6.6857009321378376e-04, -5.2667241301820066e-02,
       -2.7286742166517873e-04 ]
fundamental: !!opencv-matrix
   rows: 3
   cols: 3
   dt: d
   data: [ 1.1053784824624965e-08, 9.5792449244210512e-07,
       -1.9295332580881471e-04, -1.0792049415416200e-06,
       -1.6775997942728484e-07, 1.2864745500861776e-02,
       1.1416015337912425e-04, -3.6877462620625245e-02, 1. ]
