%YAML:1.0
cameraMatrix: !!opencv-matrix
   rows: 3
   cols: 3
   dt: d
   data: [ 3.6005351287158140e+02, 0., 2.5580455039047041e+02, 0.,
       3.6040638329094963e+02, 2.1394940855154326e+02, 0., 0., 1. ]
distortionCoefficients: !!opencv-matrix
   rows: 1
   cols: 5
   dt: d
   data: [ 7.2564095240481574e-02, -2.2030235219807864e-01,
       1.4079208857571762e-03, -7.9939313867308432e-04,
       5.3162382343252719e-02 ]
rotation: !!opencv-matrix
   rows: 3
   cols: 3
   dt: d
   data: [ 1., 0., 0., 0., 1., 0., 0., 0., 1. ]
projection: !!opencv-matrix
   rows: 4
   cols: 4
   dt: d
   data: [ 3.6005351287158140e+02, 0., 2.5580455039047041e+02, 0., 0.,
       3.6040638329094963e+02, 2.1394940855154326e+02, 0., 0., 0., 1.,
       0., 0., 0., 0., 1. ]
