%YAML:1.0
cameraMatrix: !!opencv-matrix
   rows: 3
   cols: 3
   dt: d
   data: [ 1.0356692587267403e+03, 0., 9.4476902564796342e+02, 0.,
       1.0353963180804794e+03, 5.4006861129612741e+02, 0., 0., 1. ]
distortionCoefficients: !!opencv-matrix
   rows: 1
   cols: 5
   dt: d
   data: [ 3.0661438969899198e-02, -3.8312480582682822e-02,
       5.1609478965508355e-04, -1.8394888072802095e-03,
       7.6958783214299412e-04 ]
rotation: !!opencv-matrix
   rows: 3
   cols: 3
   dt: d
   data: [ 1., 0., 0., 0., 1., 0., 0., 0., 1. ]
projection: !!opencv-matrix
   rows: 4
   cols: 4
   dt: d
   data: [ 1.0356692587267403e+03, 0., 9.4476902564796342e+02, 0., 0.,
       1.0353963180804794e+03, 5.4006861129612741e+02, 0., 0., 0., 1.,
       0., 0., 0., 0., 1. ]
