%YAML:1.0
depthShift: -2.8311387179389175e+01
